0,73,1
1,37,1
2,5,1
3,81,1
4,19,1
5,75,1
6,76,1
7,34,1
8,54,1
9,31,1
10,64,1
11,36,1
12,69,1
13,59,1
14,72,1
15,28,2
16,41,2
17,53,2
18,1,2
19,95,2
20,80,2
21,91,2
22,25,2
23,24,2
24,57,2
25,74,3
26,77,3
27,92,3
28,30,3
29,73,4
30,77,4
31,5,4
32,42,4
33,50,4
34,44,4
35,20,4
36,46,4
37,78,4
38,59,4
39,19,4
40,93,4
41,95,4
42,65,4
43,62,4
44,3,4
45,33,4
46,63,4
47,40,4
48,84,4
49,2,5
50,57,5
51,87,5
52,98,5
53,37,5
54,91,5
55,32,5
56,23,5
57,92,5
58,52,5
59,29,5
60,14,5
61,85,5
62,96,5
63,19,5
64,67,5
65,62,5
66,83,5
67,70,5
68,46,5
69,39,6
70,56,6
71,17,6
72,14,6
73,78,6
74,7,6
75,10,6
76,43,6
77,80,6
78,44,7
79,48,7
80,77,7
81,63,7
82,53,7
83,84,7
84,28,7
85,62,7
86,12,8
87,59,8
88,28,8
89,9,8
90,35,8
91,90,8
92,86,8
93,37,8
94,13,8
95,67,8
96,48,8
97,34,8
98,68,8
99,8,8
100,78,8
101,15,8
102,82,9
103,62,9
104,32,9
105,29,9
106,33,9
107,96,9
108,60,9
109,17,10
110,41,10
111,39,10
112,12,10
113,55,10
114,53,10
115,19,10
116,93,10
117,47,10
118,38,10
119,29,10
120,75,10
121,34,10
122,8,10
123,51,10
124,49,10
125,6,10
126,54,11
127,3,11
128,2,11
129,43,11
130,46,12
131,15,12
132,48,12
133,47,12
134,37,12
135,99,12
136,29,12
137,21,12
138,82,12
139,24,12
140,35,12
141,1,12
142,84,13
143,23,13
144,88,13
145,22,13
146,32,13
147,87,13
148,85,13
149,79,13
150,68,13
151,1,13
152,34,13
153,74,13
154,90,13
155,33,13
156,93,14
157,56,14
158,92,15
159,13,15
160,23,15
161,91,15
162,64,15
163,87,15
164,11,15
165,98,15
166,46,15
167,54,16
168,60,16
169,34,16
170,67,16
171,88,16
172,50,16
173,66,17
174,86,17
175,72,17
176,40,17
177,73,17
178,95,17
179,67,17
180,46,17
181,82,17
182,10,17
183,53,18
184,81,18
185,93,19
186,25,19
187,68,19
188,89,19
189,39,19
190,8,19
191,21,19
192,46,19
193,69,19
194,94,19
195,3,19
196,9,19
197,19,19
198,20,19
199,98,19
200,47,20
201,57,20
202,34,20
203,19,20
204,38,20
205,55,20
206,12,20
207,92,20
208,69,20
209,58,20
210,56,20
211,48,21
212,63,21
213,73,21
214,62,21
215,32,21
216,26,21
217,96,21
218,21,21
219,44,21
220,33,21
221,92,21
222,22,21
223,50,22
224,86,22
225,41,22
226,7,22
227,21,22
228,19,22
229,46,22
230,20,22
231,24,22
232,92,22
233,97,23
234,4,23
235,66,23
236,61,23
237,91,23
238,77,23
239,72,23
240,90,23
241,78,23
242,1,23
243,12,23
244,64,23
245,18,23
246,94,23
247,87,23
248,17,23
249,2,24
250,58,24
251,11,24
252,10,24
253,43,24
254,57,24
255,72,24
256,51,24
257,8,24
258,79,24
259,26,24
260,33,24
261,83,24
262,45,24
263,78,24
264,53,24
265,82,24
266,1,24
267,90,25
268,56,25
269,87,25
270,98,25
271,27,25
272,46,25
273,18,25
274,85,25
275,47,25
276,33,25
277,52,25
278,75,25
279,91,25
280,79,25
281,61,26
282,64,26
283,79,26
284,34,26
285,90,26
286,26,26
287,24,26
288,80,26
289,30,26
290,63,26
291,65,26
292,70,26
293,69,27
294,93,27
295,35,27
296,49,27
297,58,27
298,91,27
299,41,27
300,13,27
301,61,27
302,64,27
303,31,27
304,45,27
305,76,27
306,92,27
307,19,27
308,24,27
309,30,27
310,26,27
311,55,27
312,36,28
313,62,28
314,12,28
315,87,28
316,39,28
317,41,28
318,3,28
319,56,28
320,80,28
321,86,28
322,25,28
323,71,28
324,50,28
325,96,28
326,27,28
327,34,28
328,38,29
329,61,29
330,91,29
331,81,29
332,37,29
333,20,29
334,53,29
335,95,29
336,29,29
337,92,29
338,43,29
339,91,30
340,2,30
341,87,30
342,26,30
343,25,30
344,46,30
345,6,30
346,18,30
347,30,30
348,82,30
349,7,30
350,81,30
351,77,31
352,56,31
353,43,31
354,25,31
355,28,31
356,60,31
357,78,31
358,93,32
359,90,32
360,16,32
361,51,32
362,11,32
363,23,32
364,27,32
365,12,32
366,17,32
367,84,32
368,86,32
369,73,32
370,26,32
371,31,32
372,80,32
373,48,32
374,38,32
375,58,32
376,59,33
377,3,33
378,87,33
379,16,33
380,97,33
381,17,33
382,85,33
383,93,33
384,11,33
385,34,33
386,80,33
387,14,33
388,63,33
389,75,33
390,44,33
391,78,33
392,84,33
393,55,33
394,1,33
395,69,34
396,49,34
397,46,34
398,1,34
399,10,34
400,57,34
401,20,34
402,33,34
403,97,34
404,5,34
405,17,34
406,11,34
407,41,34
408,6,35
409,26,35
410,10,36
411,21,36
412,84,36
413,32,36
414,92,36
415,31,36
416,26,36
417,14,36
418,78,36
419,65,36
420,63,36
421,22,36
422,1,37
423,75,37
424,59,37
425,89,38
426,36,38
427,15,38
428,67,38
429,77,38
430,63,38
431,94,38
432,28,38
433,14,38
434,64,38
435,11,38
436,2,38
437,95,38
438,71,38
439,88,38
440,55,38
441,19,39
442,21,39
443,64,39
444,71,39
445,15,39
446,70,39
447,25,39
448,57,39
449,47,39
450,54,39
451,17,39
452,4,39
453,43,39
454,53,39
455,63,39
456,8,39
457,85,39
458,94,39
459,38,40
460,82,40
461,13,41
462,9,41
463,35,41
464,68,41
465,42,41
466,82,41
467,26,41
468,91,41
469,36,41
470,60,41
471,39,42
472,78,42
473,3,42
474,8,42
475,48,42
476,14,42
477,55,42
478,52,42
479,53,42
480,24,42
481,44,42
482,93,42
483,18,42
484,38,42
485,87,42
486,6,42
487,99,43
488,35,43
489,24,43
490,14,43
491,13,43
492,12,43
493,39,43
494,44,43
495,33,43
496,50,44
497,53,44
498,98,44
499,65,44
500,87,44
501,68,44
502,30,45
503,62,45
504,4,45
505,20,45
506,92,45
507,33,45
508,16,45
509,64,45
510,42,45
511,50,45
512,73,45
513,79,45
514,10,45
515,17,45
516,28,45
517,34,45
518,89,45
519,76,45
520,9,45
521,30,46
522,18,46
523,38,47
524,69,47
525,98,47
526,12,47
527,18,47
528,39,47
529,54,47
530,96,47
531,31,47
532,10,47
533,61,47
534,28,47
535,95,47
536,9,48
537,31,48
538,33,48
539,69,48
540,89,48
541,74,48
542,50,48
543,64,48
544,3,48
545,6,48
546,25,48
547,34,48
548,15,48
549,99,48
550,10,48
551,30,48
552,7,48
553,85,48
554,76,48
555,95,49
556,27,49
557,13,50
558,60,50
559,87,50
560,66,50
561,27,50
562,99,50
563,86,50
564,96,50
565,64,50
566,83,50
567,40,50
568,93,50
569,69,50
570,21,50
571,65,50
572,5,50
573,36,50
574,81,50
575,59,51
576,94,51
577,51,51
578,95,51
579,80,51
580,31,52
581,83,52
582,69,52
583,74,52
584,53,52
585,61,52
586,62,52
587,18,52
588,31,53
589,14,53
590,94,53
591,21,53
592,48,53
593,18,53
594,24,53
595,46,54
596,79,54
597,99,54
598,50,54
599,52,54
600,32,54
601,93,55
602,96,55
603,32,56
604,68,56
605,22,56
606,7,56
607,65,56
608,47,56
609,34,56
610,89,56
611,20,56
612,93,56
613,94,56
614,99,56
615,43,56
616,21,56
617,51,56
618,96,56
619,70,57
620,22,57
621,32,57
622,59,57
623,34,57
624,98,57
625,92,57
626,94,57
627,47,57
628,56,57
629,38,57
630,89,57
631,99,57
632,45,58
633,64,58
634,79,58
635,81,58
636,90,58
637,17,58
638,37,58
639,82,58
640,16,58
641,94,58
642,19,58
643,34,58
644,35,58
645,40,58
646,57,58
647,6,58
648,54,58
649,42,58
650,76,59
651,32,59
652,12,59
653,87,59
654,89,59
655,75,59
656,15,59
657,43,59
658,13,59
659,31,60
660,12,60
661,86,60
662,95,60
663,37,60
664,91,60
665,41,60
666,56,60
667,57,60
668,10,60
669,85,61
670,11,61
671,63,61
672,67,61
673,28,61
674,44,61
675,32,61
676,4,61
677,80,61
678,87,61
679,40,62
680,31,62
681,52,62
682,79,62
683,34,63
684,19,63
685,64,63
686,92,63
687,53,63
688,72,63
689,62,63
690,40,63
691,31,63
692,76,63
693,52,63
694,11,63
695,90,63
696,88,63
697,75,63
698,8,63
699,46,63
700,29,63
701,94,64
702,40,64
703,13,64
704,27,64
705,54,64
706,26,64
707,89,64
708,18,64
709,23,64
710,28,64
711,56,64
712,52,64
713,16,64
714,73,64
715,19,64
716,64,64
717,7,64
718,59,64
719,30,65
720,20,65
721,88,65
722,21,65
723,71,65
724,19,65
725,87,65
726,59,65
727,40,65
728,8,65
729,82,65
730,48,65
731,67,65
732,4,65
733,78,65
734,2,65
735,65,65
736,84,65
737,26,65
738,64,66
739,25,66
740,94,66
741,40,66
742,83,66
743,48,66
744,32,66
745,54,66
746,52,66
747,21,66
748,42,66
749,87,66
750,1,66
751,81,66
752,8,66
753,76,66
754,26,66
755,19,66
756,5,66
757,12,66
758,82,67
759,1,67
760,63,68
761,27,69
762,9,69
763,70,69
764,99,69
765,68,69
766,55,69
767,6,69
768,62,69
769,14,69
770,80,69
771,39,69
772,85,69
773,52,69
774,73,69
775,79,69
776,77,69
777,4,69
778,47,69
779,84,70
780,69,70
781,50,70
782,39,70
783,80,70
784,56,70
785,12,70
786,58,70
787,85,70
788,75,71
789,12,71
790,82,71
791,85,71
792,43,71
793,99,71
794,96,71
795,5,71
796,68,71
797,50,72
798,99,72
799,76,72
800,88,72
801,75,72
802,94,72
803,49,72
804,90,72
805,15,73
806,11,73
807,56,73
808,19,73
809,95,73
810,19,74
811,59,74
812,11,74
813,90,74
814,46,74
815,5,74
816,94,74
817,89,75
818,61,75
819,47,75
820,15,75
821,29,75
822,75,75
823,72,75
824,49,75
825,69,75
826,71,75
827,35,75
828,54,75
829,27,76
830,28,76
831,98,76
832,12,76
833,65,76
834,31,76
835,53,76
836,62,76
837,61,76
838,47,76
839,3,76
840,44,76
841,46,76
842,19,76
843,1,76
844,10,76
845,43,76
846,81,76
847,36,77
848,64,77
849,29,78
850,82,78
851,65,78
852,43,78
853,3,79
854,66,79
855,29,79
856,93,79
857,8,79
858,28,79
859,2,79
860,55,79
861,15,79
862,90,79
863,84,79
864,86,79
865,5,79
866,57,79
867,77,79
868,3,80
869,44,80
870,28,80
871,20,80
872,97,80
873,23,80
874,17,80
875,41,80
876,43,80
877,22,80
878,95,80
879,57,80
880,18,80
881,37,81
882,87,81
883,94,81
884,87,82
885,54,82
886,68,82
887,98,82
888,31,82
889,11,82
890,29,82
891,56,82
892,73,82
893,63,82
894,13,82
895,72,82
896,79,82
897,84,82
898,39,82
899,71,83
900,47,83
901,33,83
902,78,83
903,30,83
904,37,84
905,56,84
906,86,84
907,74,84
908,57,84
909,21,84
910,87,84
911,12,84
912,27,84
913,32,84
914,63,84
915,59,84
916,7,84
917,41,84
918,83,84
919,64,84
920,36,84
921,78,84
922,55,84
923,56,85
924,43,85
925,16,85
926,21,85
927,30,85
928,67,85
929,23,85
930,68,86
931,95,86
932,93,86
933,19,86
934,3,86
935,7,86
936,35,87
937,37,87
938,10,87
939,68,87
940,6,87
941,20,87
942,54,87
943,19,87
944,24,87
945,69,87
946,92,87
947,46,88
948,54,88
949,21,88
950,55,88
951,91,88
952,74,88
953,35,88
954,96,88
955,61,88
956,95,88
957,58,88
958,59,88
959,71,88
960,51,88
961,23,89
962,81,89
963,68,89
964,34,89
965,62,89
966,15,89
967,85,89
968,48,89
969,57,89
970,37,89
971,22,89
972,13,89
973,83,89
974,84,90
975,17,90
976,62,90
977,64,90
978,91,90
979,97,90
980,28,90
981,77,90
982,61,90
983,10,91
984,76,91
985,56,91
986,57,91
987,20,91
988,3,91
989,95,91
990,28,91
991,72,91
992,89,91
993,54,91
994,4,92
995,99,92
996,88,93
997,86,93
998,7,93
999,10,93
1000,29,93
1001,51,93
1002,62,93
1003,72,93
1004,43,93
1005,30,93
1006,32,93
1007,98,93
1008,18,93
1009,25,93
1010,68,93
1011,81,93
1012,24,93
1013,69,94
1014,54,94
1015,42,94
1016,88,94
1017,83,94
1018,87,95
1019,79,95
1020,11,95
1021,8,95
1022,59,95
1023,72,95
1024,86,95
1025,17,95
1026,54,95
1027,62,95
1028,83,95
1029,81,95
1030,32,95
1031,90,95
1032,35,95
1033,51,96
1034,21,96
1035,4,96
1036,26,96
1037,7,96
1038,11,96
1039,12,96
1040,55,96
1041,28,96
1042,66,96
1043,62,96
1044,93,96
1045,43,96
1046,58,96
1047,91,96
1048,46,96
1049,38,96
1050,94,96
1051,89,96
1052,5,96
1053,91,97
1054,83,97
1055,40,97
1056,86,97
1057,72,97
1058,15,97
1059,17,97
1060,14,97
1061,96,97
1062,46,97
1063,78,97
1064,7,97
1065,77,98
1066,58,98
1067,83,98
1068,3,98
1069,45,98
1070,44,98
1071,43,98
1072,17,98
1073,2,98
1074,14,98
1075,34,98
1076,55,98
1077,8,98
1078,76,98
1079,90,98
1080,16,98
1081,19,98
1082,20,98
1083,28,98
1084,37,99
1085,29,99
1086,59,99
